EDGE_SE2 0 1 1.0 0.0 2.0 -0.0 1.0 0.0
EDGE_SE2 0 2 1.0 0.0 4.0 -0.0 1.0 0.0
EDGE_SE2 0 3 1.0 0.0 6.0 -0.0 1.0 0.0
EDGE_SE2 1 2 1.0 0.0 2.0 -0.0 1.0 0.0
EDGE_SE2 1 3 1.0 0.0 4.0 -0.0 1.0 0.0
EDGE_SE2 1 4 1.0 0.0 6.0 -0.0 1.0 0.0
EDGE_SE2 2 3 1.0 0.0 2.0 -0.0 1.0 0.0
EDGE_SE2 2 4 1.0 0.0 4.0 -0.0 1.0 0.0
EDGE_SE2 2 5 1.0 0.0 6.0 -0.0 1.0 0.0
EDGE_SE2 3 4 1.0 0.0 2.0 -0.0 1.0 0.0
EDGE_SE2 3 5 1.0 0.0 4.0 -0.0 1.0 0.0
EDGE_SE2 3 6 1.0 0.0 6.0 -0.0 1.0 0.0
EDGE_SE2 4 5 1.0 0.0 2.0 -0.0 1.0 0.0
EDGE_SE2 4 6 1.0 0.0 4.0 -0.0 1.0 0.0
EDGE_SE2 4 7 1.0 0.0 6.0 -0.0 1.0 0.0
EDGE_SE2 5 6 1.0 0.0 2.0 -0.0 1.0 0.0
EDGE_SE2 5 7 1.0 0.0 4.0 -0.0 1.0 0.0
EDGE_SE2 5 8 1.0 0.0 6.0 -0.0 1.0 0.0
EDGE_SE2 6 7 1.0 0.0 2.0 -0.0 1.0 0.0
EDGE_SE2 6 8 1.0 0.0 4.0 -0.0 1.0 0.0
EDGE_SE2 6 9 1.0 0.0 6.0 -0.0 1.0 0.0
EDGE_SE2 7 8 1.0 0.0 2.0 -0.0 1.0 0.0
EDGE_SE2 7 9 1.0 0.0 4.0 -0.0 1.0 0.0
EDGE_SE2 7 10 1.0 0.0 6.0 -0.0 1.0 0.0
EDGE_SE2 8 9 1.0 0.0 2.0 -0.0 1.0 0.0
EDGE_SE2 8 10 1.0 0.0 4.0 -0.0 1.0 0.0
EDGE_SE2 8 11 1.0 0.0 6.0 -0.0 1.0 0.0
EDGE_SE2 9 10 1.0 0.0 2.0 -0.0 1.0 0.0
EDGE_SE2 9 11 1.0 0.0 4.0 -0.0 1.0 0.0
EDGE_SE2 9 12 1.0 0.0 6.0 -0.0 1.0 0.0
EDGE_SE2 10 11 1.0 0.0 2.0 -0.0 1.0 0.0
EDGE_SE2 10 12 1.0 0.0 4.0 -0.0 1.0 0.0
EDGE_SE2 10 13 1.0 0.0 6.0 -0.0 1.0 0.0
EDGE_SE2 11 12 1.0 0.0 2.0 -0.0 1.0 0.0
EDGE_SE2 11 13 1.0 0.0 4.0 -0.0 1.0 0.0
EDGE_SE2 11 14 1.0 0.0 6.0 -0.0 1.0 0.0
EDGE_SE2 12 13 1.0 0.0 2.0 -0.0 1.0 0.0
EDGE_SE2 12 14 1.0 0.0 4.0 -0.0 1.0 0.0
EDGE_SE2 12 15 1.0 0.0 6.0 -0.0 1.0 0.0
EDGE_SE2 13 14 1.0 0.0 2.0 -0.0 1.0 0.0
EDGE_SE2 13 15 1.0 0.0 4.0 -0.0 1.0 0.0
EDGE_SE2 13 16 1.0 0.0 6.0 -0.0 1.0 0.0
EDGE_SE2 14 15 1.0 0.0 2.0 -0.0 1.0 0.0
EDGE_SE2 14 16 1.0 0.0 4.0 -0.0 1.0 0.0
EDGE_SE2 14 17 1.0 0.0 6.0 -0.0 1.0 0.0
EDGE_SE2 15 16 1.0 0.0 2.0 -0.0 1.0 0.0
EDGE_SE2 15 17 1.0 0.0 4.0 -0.0 1.0 0.0
EDGE_SE2 15 18 1.0 0.0 6.0 -0.0 1.0 0.0
EDGE_SE2 16 17 1.0 0.0 2.0 -0.0 1.0 0.0
EDGE_SE2 16 18 1.0 0.0 4.0 -0.0 1.0 0.0
EDGE_SE2 16 19 1.0 0.0 6.0 -0.0 1.0 0.0
EDGE_SE2 17 18 1.0 0.0 2.0 -0.0 1.0 0.0
EDGE_SE2 17 19 1.0 0.0 4.0 -0.0 1.0 0.0
EDGE_SE2 17 20 1.0 0.0 6.0 -0.0 1.0 0.0
EDGE_SE2 18 19 1.0 0.0 2.0 -0.0 1.0 0.0
EDGE_SE2 18 20 1.0 0.0 4.0 -0.0 1.0 0.0
EDGE_SE2 18 21 1.0 0.0 6.0 -0.0 1.0 0.0
EDGE_SE2 19 20 1.0 0.0 2.0 -0.0 1.0 0.0
EDGE_SE2 19 21 1.0 0.0 4.0 -0.0 1.0 0.0
EDGE_SE2 19 22 1.0 0.0 6.0 -0.0 1.0 0.0
EDGE_SE2 20 21 1.0 0.0 2.0 -0.0 1.0 0.0
EDGE_SE2 20 22 1.0 0.0 4.0 -0.0 1.0 0.0
EDGE_SE2 20 23 1.0 0.0 6.0 -0.0 1.0 0.0
EDGE_SE2 21 22 1.0 0.0 2.0 -0.0 1.0 0.0
EDGE_SE2 21 23 1.0 0.0 4.0 -0.0 1.0 0.0
EDGE_SE2 21 24 1.0 0.0 6.0 -0.0 1.0 0.0
EDGE_SE2 22 23 1.0 0.0 2.0 -0.0 1.0 0.0
EDGE_SE2 22 24 1.0 0.0 4.0 -0.0 1.0 0.0
EDGE_SE2 22 25 1.0 0.0 6.0 -0.0 1.0 0.0
EDGE_SE2 23 24 1.0 0.0 2.0 -0.0 1.0 0.0
EDGE_SE2 23 25 1.0 0.0 4.0 -0.0 1.0 0.0
EDGE_SE2 23 26 1.0 0.0 6.0 -0.0 1.0 0.0
EDGE_SE2 24 25 1.0 0.0 2.0 -0.0 1.0 0.0
EDGE_SE2 24 26 1.0 0.0 4.0 -0.0 1.0 0.0
EDGE_SE2 24 27 1.0 0.0 6.0 -0.0 1.0 0.0
EDGE_SE2 25 26 1.0 0.0 2.0 -0.0 1.0 0.0
EDGE_SE2 25 27 1.0 0.0 4.0 -0.0 1.0 0.0
EDGE_SE2 25 28 1.0 0.0 6.0 -0.0 1.0 0.0
EDGE_SE2 26 27 1.0 0.0 2.0 -0.0 1.0 0.0
EDGE_SE2 26 28 1.0 0.0 4.0 -0.0 1.0 0.0
EDGE_SE2 26 29 1.0 0.0 6.0 -0.0 1.0 0.0
EDGE_SE2 27 28 1.0 0.0 2.0 -0.0 1.0 0.0
EDGE_SE2 27 29 1.0 0.0 4.0 -0.0 1.0 0.0
EDGE_SE2 27 30 1.0 0.0 6.0 -0.0 1.0 0.0
EDGE_SE2 28 29 1.0 0.0 2.0 -0.0 1.0 0.0
EDGE_SE2 28 30 1.0 0.0 4.0 -0.0 1.0 0.0
EDGE_SE2 28 31 1.0 0.0 6.0 -0.0 1.0 0.0
EDGE_SE2 29 30 1.0 0.0 2.0 -0.0 1.0 0.0
EDGE_SE2 29 31 1.0 0.0 4.0 -0.0 1.0 0.0
EDGE_SE2 29 32 1.0 0.0 6.0 -0.0 1.0 0.0
EDGE_SE2 30 31 1.0 0.0 2.0 -0.0 1.0 0.0
EDGE_SE2 30 32 1.0 0.0 4.0 -0.0 1.0 0.0
EDGE_SE2 30 33 1.0 0.0 6.0 -0.0 1.0 0.0
EDGE_SE2 31 32 1.0 0.0 2.0 -0.0 1.0 0.0
EDGE_SE2 31 33 1.0 0.0 4.0 -0.0 1.0 0.0
EDGE_SE2 31 34 1.0 0.0 6.0 -0.0 1.0 0.0
EDGE_SE2 32 33 1.0 0.0 2.0 -0.0 1.0 0.0
EDGE_SE2 32 34 1.0 0.0 4.0 -0.0 1.0 0.0
EDGE_SE2 32 35 1.0 0.0 6.0 -0.0 1.0 0.0
EDGE_SE2 33 34 1.0 0.0 2.0 -0.0 1.0 0.0
EDGE_SE2 33 35 1.0 0.0 4.0 -0.0 1.0 0.0
EDGE_SE2 33 36 1.0 0.0 6.0 -0.0 1.0 0.0
EDGE_SE2 34 35 1.0 0.0 2.0 -0.0 1.0 0.0
EDGE_SE2 34 36 1.0 0.0 4.0 -0.0 1.0 0.0
EDGE_SE2 34 37 1.0 0.0 6.0 -0.0 1.0 0.0
EDGE_SE2 35 36 1.0 0.0 2.0 -0.0 1.0 0.0
EDGE_SE2 35 37 1.0 0.0 4.0 -0.0 1.0 0.0
EDGE_SE2 35 38 1.0 0.0 6.0 -0.0 1.0 0.0
EDGE_SE2 36 37 1.0 0.0 2.0 -0.0 1.0 0.0
EDGE_SE2 36 38 1.0 0.0 4.0 -0.0 1.0 0.0
EDGE_SE2 36 39 1.0 0.0 6.0 -0.0 1.0 0.0
EDGE_SE2 37 38 1.0 0.0 2.0 -0.0 1.0 0.0
EDGE_SE2 37 39 1.0 0.0 4.0 -0.0 1.0 0.0
EDGE_SE2 37 40 1.0 0.0 6.0 -0.0 1.0 0.0
EDGE_SE2 38 39 1.0 0.0 2.0 -0.0 1.0 0.0
EDGE_SE2 38 40 1.0 0.0 4.0 -0.0 1.0 0.0
EDGE_SE2 38 41 1.0 0.0 6.0 -0.0 1.0 0.0
EDGE_SE2 39 40 1.0 0.0 2.0 -0.0 1.0 0.0
EDGE_SE2 39 41 1.0 0.0 4.0 -0.0 1.0 0.0
EDGE_SE2 39 42 1.0 0.0 6.0 -0.0 1.0 0.0
EDGE_SE2 40 41 1.0 0.0 2.0 -0.0 1.0 0.0
EDGE_SE2 40 42 1.0 0.0 4.0 -0.0 1.0 0.0
EDGE_SE2 40 43 1.0 0.0 6.0 -0.0 1.0 0.0
EDGE_SE2 41 42 1.0 0.0 2.0 -0.0 1.0 0.0
EDGE_SE2 41 43 1.0 0.0 4.0 -0.0 1.0 0.0
EDGE_SE2 41 44 1.0 0.0 6.0 -0.0 1.0 0.0
EDGE_SE2 42 43 1.0 0.0 2.0 -0.0 1.0 0.0
EDGE_SE2 42 44 1.0 0.0 4.0 -0.0 1.0 0.0
EDGE_SE2 42 45 1.0 0.0 6.0 -0.0 1.0 0.0
EDGE_SE2 43 44 1.0 0.0 2.0 -0.0 1.0 0.0
EDGE_SE2 43 45 1.0 0.0 4.0 -0.0 1.0 0.0
EDGE_SE2 43 46 1.0 0.0 6.0 -0.0 1.0 0.0
EDGE_SE2 44 45 1.0 0.0 2.0 -0.0 1.0 0.0
EDGE_SE2 44 46 1.0 0.0 4.0 -0.0 1.0 0.0
EDGE_SE2 44 47 1.0 0.0 6.0 -0.0 1.0 0.0
EDGE_SE2 45 46 1.0 0.0 2.0 -0.0 1.0 0.0
EDGE_SE2 45 47 1.0 0.0 4.0 -0.0 1.0 0.0
EDGE_SE2 45 48 1.0 0.0 6.0 -0.0 1.0 0.0
EDGE_SE2 46 47 1.0 0.0 2.0 -0.0 1.0 0.0
EDGE_SE2 46 48 1.0 0.0 4.0 -0.0 1.0 0.0
EDGE_SE2 46 49 1.0 0.0 6.0 -0.0 1.0 0.0
EDGE_SE2 47 48 1.0 0.0 2.0 -0.0 1.0 0.0
EDGE_SE2 47 49 1.0 0.0 4.0 -0.0 1.0 0.0
EDGE_SE2 47 50 1.0 0.0 6.0 -0.0 1.0 0.0
EDGE_SE2 48 49 1.0 0.0 2.0 -0.0 1.0 0.0
EDGE_SE2 48 50 1.0 0.0 4.0 -0.0 1.0 0.0
EDGE_SE2 48 51 1.0 0.0 6.0 -0.0 1.0 0.0
EDGE_SE2 49 50 1.0 0.0 2.0 -0.0 1.0 0.0
EDGE_SE2 49 51 1.0 0.0 4.0 -0.0 1.0 0.0
EDGE_SE2 49 52 1.0 0.0 6.0 -0.0 1.0 0.0
EDGE_SE2 50 51 1.0 0.0 2.0 -0.0 1.0 0.0
EDGE_SE2 50 52 1.0 0.0 4.0 -0.0 1.0 0.0
EDGE_SE2 50 53 1.0 0.0 6.0 -0.0 1.0 0.0
EDGE_SE2 51 52 1.0 0.0 2.0 -0.0 1.0 0.0
EDGE_SE2 51 53 1.0 0.0 4.0 -0.0 1.0 0.0
EDGE_SE2 51 54 1.0 0.0 6.0 -0.0 1.0 0.0
EDGE_SE2 52 53 1.0 0.0 2.0 -0.0 1.0 0.0
EDGE_SE2 52 54 1.0 0.0 4.0 -0.0 1.0 0.0
EDGE_SE2 52 55 1.0 0.0 6.0 -0.0 1.0 0.0
EDGE_SE2 53 54 1.0 0.0 2.0 -0.0 1.0 0.0
EDGE_SE2 53 55 1.0 0.0 4.0 -0.0 1.0 0.0
EDGE_SE2 53 56 1.0 0.0 6.0 -0.0 1.0 0.0
EDGE_SE2 54 55 1.0 0.0 2.0 -0.0 1.0 0.0
EDGE_SE2 54 56 1.0 0.0 4.0 -0.0 1.0 0.0
EDGE_SE2 54 57 1.0 0.0 6.0 -0.0 1.0 0.0
EDGE_SE2 55 56 1.0 0.0 2.0 -0.0 1.0 0.0
EDGE_SE2 55 57 1.0 0.0 4.0 -0.0 1.0 0.0
EDGE_SE2 55 58 1.0 0.0 6.0 -0.0 1.0 0.0
EDGE_SE2 56 57 1.0 0.0 2.0 -0.0 1.0 0.0
EDGE_SE2 56 58 1.0 0.0 4.0 -0.0 1.0 0.0
EDGE_SE2 56 59 1.0 0.0 6.0 -0.0 1.0 0.0
EDGE_SE2 57 58 1.0 0.0 2.0 -0.0 1.0 0.0
EDGE_SE2 57 59 1.0 0.0 4.0 -0.0 1.0 0.0
EDGE_SE2 57 60 1.0 0.0 6.0 -0.0 1.0 0.0
EDGE_SE2 58 59 1.0 0.0 2.0 -0.0 1.0 0.0
EDGE_SE2 58 60 1.0 0.0 4.0 -0.0 1.0 0.0
EDGE_SE2 58 61 1.0 0.0 6.0 -0.0 1.0 0.0
EDGE_SE2 59 60 1.0 0.0 2.0 -0.0 1.0 0.0
EDGE_SE2 59 61 1.0 0.0 4.0 -0.0 1.0 0.0
EDGE_SE2 59 62 1.0 0.0 6.0 -0.0 1.0 0.0
EDGE_SE2 60 61 1.0 0.0 2.0 -0.0 1.0 0.0
EDGE_SE2 60 62 1.0 0.0 4.0 -0.0 1.0 0.0
EDGE_SE2 60 63 1.0 0.0 6.0 -0.0 1.0 0.0
EDGE_SE2 61 62 1.0 0.0 2.0 -0.0 1.0 0.0
EDGE_SE2 61 63 1.0 0.0 4.0 -0.0 1.0 0.0
EDGE_SE2 61 64 1.0 0.0 6.0 -0.0 1.0 0.0
EDGE_SE2 62 63 1.0 0.0 2.0 -0.0 1.0 0.0
EDGE_SE2 62 64 1.0 0.0 4.0 -0.0 1.0 0.0
EDGE_SE2 62 65 1.0 0.0 6.0 -0.0 1.0 0.0
EDGE_SE2 63 64 1.0 0.0 2.0 -0.0 1.0 0.0
EDGE_SE2 63 65 1.0 0.0 4.0 -0.0 1.0 0.0
EDGE_SE2 63 66 1.0 0.0 6.0 -0.0 1.0 0.0
EDGE_SE2 64 65 1.0 0.0 2.0 -0.0 1.0 0.0
EDGE_SE2 64 66 1.0 0.0 4.0 -0.0 1.0 0.0
EDGE_SE2 64 67 1.0 0.0 6.0 -0.0 1.0 0.0
EDGE_SE2 65 66 1.0 0.0 2.0 -0.0 1.0 0.0
EDGE_SE2 65 67 1.0 0.0 4.0 -0.0 1.0 0.0
EDGE_SE2 65 68 1.0 0.0 6.0 -0.0 1.0 0.0
EDGE_SE2 66 67 1.0 0.0 2.0 -0.0 1.0 0.0
EDGE_SE2 66 68 1.0 0.0 4.0 -0.0 1.0 0.0
EDGE_SE2 66 69 1.0 0.0 6.0 -0.0 1.0 0.0
EDGE_SE2 67 68 1.0 0.0 2.0 -0.0 1.0 0.0
EDGE_SE2 67 69 1.0 0.0 4.0 -0.0 1.0 0.0
EDGE_SE2 67 70 1.0 0.0 6.0 -0.0 1.0 0.0
EDGE_SE2 68 69 1.0 0.0 2.0 -0.0 1.0 0.0
EDGE_SE2 68 70 1.0 0.0 4.0 -0.0 1.0 0.0
EDGE_SE2 68 71 1.0 0.0 6.0 -0.0 1.0 0.0
EDGE_SE2 69 70 1.0 0.0 2.0 -0.0 1.0 0.0
EDGE_SE2 69 71 1.0 0.0 4.0 -0.0 1.0 0.0
EDGE_SE2 69 72 1.0 0.0 6.0 -0.0 1.0 0.0
EDGE_SE2 70 71 1.0 0.0 2.0 -0.0 1.0 0.0
EDGE_SE2 70 72 1.0 0.0 4.0 -0.0 1.0 0.0
EDGE_SE2 70 73 1.0 0.0 6.0 -0.0 1.0 0.0
EDGE_SE2 71 72 1.0 0.0 2.0 -0.0 1.0 0.0
EDGE_SE2 71 73 1.0 0.0 4.0 -0.0 1.0 0.0
EDGE_SE2 71 74 1.0 0.0 6.0 -0.0 1.0 0.0
EDGE_SE2 72 73 1.0 0.0 2.0 -0.0 1.0 0.0
EDGE_SE2 72 74 1.0 0.0 4.0 -0.0 1.0 0.0
EDGE_SE2 72 75 1.0 0.0 6.0 -0.0 1.0 0.0
EDGE_SE2 73 74 1.0 0.0 2.0 -0.0 1.0 0.0
EDGE_SE2 73 75 1.0 0.0 4.0 -0.0 1.0 0.0
EDGE_SE2 73 76 1.0 0.0 6.0 -0.0 1.0 0.0
EDGE_SE2 74 75 1.0 0.0 2.0 -0.0 1.0 0.0
EDGE_SE2 74 76 1.0 0.0 4.0 -0.0 1.0 0.0
EDGE_SE2 74 77 1.0 0.0 6.0 -0.0 1.0 0.0
EDGE_SE2 75 76 1.0 0.0 2.0 -0.0 1.0 0.0
EDGE_SE2 75 77 1.0 0.0 4.0 -0.0 1.0 0.0
EDGE_SE2 75 78 1.0 0.0 6.0 -0.0 1.0 0.0
EDGE_SE2 76 77 1.0 0.0 2.0 -0.0 1.0 0.0
EDGE_SE2 76 78 1.0 0.0 4.0 -0.0 1.0 0.0
EDGE_SE2 76 79 1.0 0.0 6.0 -0.0 1.0 0.0
EDGE_SE2 77 78 1.0 0.0 2.0 -0.0 1.0 0.0
EDGE_SE2 77 79 1.0 0.0 4.0 -0.0 1.0 0.0
EDGE_SE2 77 80 1.0 0.0 6.0 -0.0 1.0 0.0
EDGE_SE2 78 79 1.0 0.0 2.0 -0.0 1.0 0.0
EDGE_SE2 78 80 1.0 0.0 4.0 -0.0 1.0 0.0
EDGE_SE2 78 81 1.0 0.0 6.0 -0.0 1.0 0.0
EDGE_SE2 79 80 1.0 0.0 2.0 -0.0 1.0 0.0
EDGE_SE2 79 81 1.0 0.0 4.0 -0.0 1.0 0.0
EDGE_SE2 79 82 1.0 0.0 6.0 -0.0 1.0 0.0
EDGE_SE2 80 81 1.0 0.0 2.0 -0.0 1.0 0.0
EDGE_SE2 80 82 1.0 0.0 4.0 -0.0 1.0 0.0
EDGE_SE2 80 83 1.0 0.0 6.0 -0.0 1.0 0.0
EDGE_SE2 81 82 1.0 0.0 2.0 -0.0 1.0 0.0
EDGE_SE2 81 83 1.0 0.0 4.0 -0.0 1.0 0.0
EDGE_SE2 81 84 1.0 0.0 6.0 -0.0 1.0 0.0
EDGE_SE2 82 83 1.0 0.0 2.0 -0.0 1.0 0.0
EDGE_SE2 82 84 1.0 0.0 4.0 -0.0 1.0 0.0
EDGE_SE2 82 85 1.0 0.0 6.0 -0.0 1.0 0.0
EDGE_SE2 83 84 1.0 0.0 2.0 -0.0 1.0 0.0
EDGE_SE2 83 85 1.0 0.0 4.0 -0.0 1.0 0.0
EDGE_SE2 83 86 1.0 0.0 6.0 -0.0 1.0 0.0
EDGE_SE2 84 85 1.0 0.0 2.0 -0.0 1.0 0.0
EDGE_SE2 84 86 1.0 0.0 4.0 -0.0 1.0 0.0
EDGE_SE2 84 87 1.0 0.0 6.0 -0.0 1.0 0.0
EDGE_SE2 85 86 1.0 0.0 2.0 -0.0 1.0 0.0
EDGE_SE2 85 87 1.0 0.0 4.0 -0.0 1.0 0.0
EDGE_SE2 85 88 1.0 0.0 6.0 -0.0 1.0 0.0
EDGE_SE2 86 87 1.0 0.0 2.0 -0.0 1.0 0.0
EDGE_SE2 86 88 1.0 0.0 4.0 -0.0 1.0 0.0
EDGE_SE2 86 89 1.0 0.0 6.0 -0.0 1.0 0.0
EDGE_SE2 87 88 1.0 0.0 2.0 -0.0 1.0 0.0
EDGE_SE2 87 89 1.0 0.0 4.0 -0.0 1.0 0.0
EDGE_SE2 87 90 1.0 0.0 6.0 -0.0 1.0 0.0
EDGE_SE2 88 89 1.0 0.0 2.0 -0.0 1.0 0.0
EDGE_SE2 88 90 1.0 0.0 4.0 -0.0 1.0 0.0
EDGE_SE2 88 91 1.0 0.0 6.0 -0.0 1.0 0.0
EDGE_SE2 89 90 1.0 0.0 2.0 -0.0 1.0 0.0
EDGE_SE2 89 91 1.0 0.0 4.0 -0.0 1.0 0.0
EDGE_SE2 89 92 1.0 0.0 6.0 -0.0 1.0 0.0
EDGE_SE2 90 91 1.0 0.0 2.0 -0.0 1.0 0.0
EDGE_SE2 90 92 1.0 0.0 4.0 -0.0 1.0 0.0
EDGE_SE2 90 93 1.0 0.0 6.0 -0.0 1.0 0.0
EDGE_SE2 91 92 1.0 0.0 2.0 -0.0 1.0 0.0
EDGE_SE2 91 93 1.0 0.0 4.0 -0.0 1.0 0.0
EDGE_SE2 91 94 1.0 0.0 6.0 -0.0 1.0 0.0
EDGE_SE2 92 93 1.0 0.0 2.0 -0.0 1.0 0.0
EDGE_SE2 92 94 1.0 0.0 4.0 -0.0 1.0 0.0
EDGE_SE2 92 95 1.0 0.0 6.0 -0.0 1.0 0.0
EDGE_SE2 93 94 1.0 0.0 2.0 -0.0 1.0 0.0
EDGE_SE2 93 95 1.0 0.0 4.0 -0.0 1.0 0.0
EDGE_SE2 93 96 1.0 0.0 6.0 -0.0 1.0 0.0
EDGE_SE2 94 95 1.0 0.0 2.0 -0.0 1.0 0.0
EDGE_SE2 94 96 1.0 0.0 4.0 -0.0 1.0 0.0
EDGE_SE2 94 97 1.0 0.0 6.0 -0.0 1.0 0.0
EDGE_SE2 95 96 1.0 0.0 2.0 -0.0 1.0 0.0
EDGE_SE2 95 97 1.0 0.0 4.0 -0.0 1.0 0.0
EDGE_SE2 95 98 1.0 0.0 6.0 -0.0 1.0 0.0
EDGE_SE2 96 97 1.0 0.0 2.0 -0.0 1.0 0.0
EDGE_SE2 96 98 1.0 0.0 4.0 -0.0 1.0 0.0
EDGE_SE2 96 99 1.0 0.0 6.0 -0.0 1.0 0.0
EDGE_SE2 97 98 1.0 0.0 2.0 -0.0 1.0 0.0
EDGE_SE2 97 99 1.0 0.0 4.0 -0.0 1.0 0.0
EDGE_SE2 97 100 1.0 0.0 6.0 -0.0 1.0 0.0
EDGE_SE2 98 99 1.0 0.0 2.0 -0.0 1.0 0.0
EDGE_SE2 98 100 1.0 0.0 4.0 -0.0 1.0 0.0
EDGE_SE2 98 101 1.0 0.0 6.0 -0.0 1.0 0.0
EDGE_SE2 99 100 1.0 0.0 2.0 -0.0 1.0 0.0
EDGE_SE2 99 101 1.0 0.0 4.0 -0.0 1.0 0.0
EDGE_SE2 99 102 1.0 0.0 6.0 -0.0 1.0 0.0
EDGE_SE2 100 101 1.0 0.0 2.0 -0.0 1.0 0.0
EDGE_SE2 100 102 1.0 0.0 4.0 -0.0 1.0 0.0
EDGE_SE2 100 103 1.0 0.0 6.0 -0.0 1.0 0.0
EDGE_SE2 101 102 1.0 0.0 2.0 -0.0 1.0 0.0
EDGE_SE2 101 103 1.0 0.0 4.0 -0.0 1.0 0.0
EDGE_SE2 101 104 1.0 0.0 6.0 -0.0 1.0 0.0
EDGE_SE2 102 103 1.0 0.0 2.0 -0.0 1.0 0.0
EDGE_SE2 102 104 1.0 0.0 4.0 -0.0 1.0 0.0
EDGE_SE2 102 105 1.0 0.0 6.0 -0.0 1.0 0.0
EDGE_SE2 103 104 1.0 0.0 2.0 -0.0 1.0 0.0
EDGE_SE2 103 105 1.0 0.0 4.0 -0.0 1.0 0.0
EDGE_SE2 103 106 1.0 0.0 6.0 -0.0 1.0 0.0
EDGE_SE2 104 105 1.0 0.0 2.0 -0.0 1.0 0.0
EDGE_SE2 104 106 1.0 0.0 4.0 -0.0 1.0 0.0
EDGE_SE2 104 107 1.0 0.0 6.0 -0.0 1.0 0.0
EDGE_SE2 105 106 1.0 0.0 2.0 -0.0 1.0 0.0
EDGE_SE2 105 107 1.0 0.0 4.0 -0.0 1.0 0.0
EDGE_SE2 105 108 1.0 0.0 6.0 -0.0 1.0 0.0
EDGE_SE2 106 107 1.0 0.0 2.0 -0.0 1.0 0.0
EDGE_SE2 106 108 1.0 0.0 4.0 -0.0 1.0 0.0
EDGE_SE2 106 109 1.0 0.0 6.0 -0.0 1.0 0.0
EDGE_SE2 107 108 1.0 0.0 2.0 -0.0 1.0 0.0
EDGE_SE2 107 109 1.0 0.0 4.0 -0.0 1.0 0.0
EDGE_SE2 107 110 1.0 0.0 6.0 -0.0 1.0 0.0
EDGE_SE2 108 109 1.0 0.0 2.0 -0.0 1.0 0.0
EDGE_SE2 108 110 1.0 0.0 4.0 -0.0 1.0 0.0
EDGE_SE2 108 111 1.0 0.0 6.0 -0.0 1.0 0.0
EDGE_SE2 109 110 1.0 0.0 2.0 -0.0 1.0 0.0
EDGE_SE2 109 111 1.0 0.0 4.0 -0.0 1.0 0.0
EDGE_SE2 109 112 1.0 0.0 6.0 -0.0 1.0 0.0
EDGE_SE2 110 111 1.0 0.0 2.0 -0.0 1.0 0.0
EDGE_SE2 110 112 1.0 0.0 4.0 -0.0 1.0 0.0
EDGE_SE2 110 113 1.0 0.0 6.0 -0.0 1.0 0.0
EDGE_SE2 111 112 1.0 0.0 2.0 -0.0 1.0 0.0
EDGE_SE2 111 113 1.0 0.0 4.0 -0.0 1.0 0.0
EDGE_SE2 111 114 1.0 0.0 6.0 -0.0 1.0 0.0
EDGE_SE2 112 113 1.0 0.0 2.0 -0.0 1.0 0.0
EDGE_SE2 112 114 1.0 0.0 4.0 -0.0 1.0 0.0
EDGE_SE2 112 115 1.0 0.0 6.0 -0.0 1.0 0.0
EDGE_SE2 113 114 1.0 0.0 2.0 -0.0 1.0 0.0
EDGE_SE2 113 115 1.0 0.0 4.0 -0.0 1.0 0.0
EDGE_SE2 113 116 1.0 0.0 6.0 -0.0 1.0 0.0
EDGE_SE2 114 115 1.0 0.0 2.0 -0.0 1.0 0.0
EDGE_SE2 114 116 1.0 0.0 4.0 -0.0 1.0 0.0
EDGE_SE2 114 117 1.0 0.0 6.0 -0.0 1.0 0.0
EDGE_SE2 115 116 1.0 0.0 2.0 -0.0 1.0 0.0
EDGE_SE2 115 117 1.0 0.0 4.0 -0.0 1.0 0.0
EDGE_SE2 115 118 1.0 0.0 6.0 -0.0 1.0 0.0
EDGE_SE2 116 117 1.0 0.0 2.0 -0.0 1.0 0.0
EDGE_SE2 116 118 1.0 0.0 4.0 -0.0 1.0 0.0
EDGE_SE2 116 119 1.0 0.0 6.0 -0.0 1.0 0.0
EDGE_SE2 117 118 1.0 0.0 2.0 -0.0 1.0 0.0
EDGE_SE2 117 119 1.0 0.0 4.0 -0.0 1.0 0.0
EDGE_SE2 117 120 1.0 0.0 6.0 -0.0 1.0 0.0
EDGE_SE2 118 119 1.0 0.0 2.0 -0.0 1.0 0.0
EDGE_SE2 118 120 1.0 0.0 4.0 -0.0 1.0 0.0
EDGE_SE2 118 121 1.0 0.0 6.0 -0.0 1.0 0.0
EDGE_SE2 119 120 1.0 0.0 2.0 -0.0 1.0 0.0
EDGE_SE2 119 121 1.0 0.0 4.0 -0.0 1.0 0.0
EDGE_SE2 119 122 1.0 0.0 6.0 -0.0 1.0 0.0
EDGE_SE2 120 121 1.0 0.0 2.0 -0.0 1.0 0.0
EDGE_SE2 120 122 1.0 0.0 4.0 -0.0 1.0 0.0
EDGE_SE2 120 123 1.0 0.0 6.0 -0.0 1.0 0.0
EDGE_SE2 121 122 1.0 0.0 2.0 -0.0 1.0 0.0
EDGE_SE2 121 123 1.0 0.0 4.0 -0.0 1.0 0.0
EDGE_SE2 121 124 1.0 0.0 6.0 -0.0 1.0 0.0
