0 0 -1 0 1 0 22.8215
1 0 -1 0 1 0 24.8215
2 0 -1 0 1 0 26.8215
3 0 -1 0 1 0 28.8215
4 0 -1 0 1 0 30.8215
5 0 -1 0 1 0 32.8215
6 0 -1 0 1 0 34.8215
7 0 -1 0 1 0 36.8215
8 0 -1 0 1 0 38.8215
9 0 -1 0 1 0 40.8215
10 0 -1 0 1 0 42.8215
11 0 -1 0 1 0 44.8215
12 0 -1 0 1 0 46.8215
13 0 -1 0 1 0 48.8215
14 0 -1 0 1 0 50.8215
15 0 -1 0 1 0 52.8215
16 0 -1 0 1 0 54.8215
17 0 -1 0 1 0 56.8215
18 0 -1 0 1 0 58.8215
19 0 -1 0 1 0 60.8215
20 0 -1 0 1 0 62.8215
21 0 -1 0 1 0 64.8215
22 0 -1 0 1 0 66.8215
23 0 -1 0 1 0 68.8215
24 0 -1 0 1 0 70.8215
25 0 -1 0 1 0 72.8215
26 0 -1 0 1 0 74.8215
27 0 -1 0 1 0 76.8215
28 0 -1 0 1 0 78.8215
29 0 -1 0 1 0 80.8215
30 0 -1 0 1 0 82.8215
31 0 -1 0 1 0 84.8215
32 0 -1 0 1 0 86.8215
33 0 -1 0 1 0 88.8215
34 0 -1 0 1 0 90.8215
35 0 -1 0 1 0 92.8215
36 0 -1 0 1 0 94.8215
37 0 -1 0 1 0 96.8215
38 0 -1 0 1 0 98.8215
39 0 -1 0 1 0 100.8215
40 0 -1 0 1 0 102.8215
41 0 -1 0 1 0 104.8215
42 0 -1 0 1 0 106.8215
43 0 -1 0 1 0 108.8215
44 0 -1 0 1 0 110.8215
45 0 -1 0 1 0 112.8215
46 0 -1 0 1 0 114.8215
47 0 -1 0 1 0 116.8215
48 0 -1 0 1 0 118.8215
49 0 -1 0 1 0 120.8215
50 0 -1 0 1 0 122.8215
51 0 -1 0 1 0 124.8215
52 0 -1 0 1 0 126.8215
53 0 -1 0 1 0 128.8215
54 0 -1 0 1 0 130.8215
55 0 -1 0 1 0 132.8215
56 0 -1 0 1 0 134.8215
57 0 -1 0 1 0 136.8215
58 0 -1 0 1 0 138.8215
59 0 -1 0 1 0 140.8215
60 0 -1 0 1 0 142.8215
61 0 -1 0 1 0 144.8215
62 0 -1 0 1 0 146.8215
63 0 -1 0 1 0 148.8215
64 0 -1 0 1 0 150.8215
65 0 -1 0 1 0 152.8215
66 0 -1 0 1 0 154.8215
67 0 -1 0 1 0 156.8215
68 0 -1 0 1 0 158.8215
69 0 -1 0 1 0 160.8215
70 0 -1 0 1 0 162.8215
71 0 -1 0 1 0 164.8215
72 0 -1 0 1 0 166.8215
73 0 -1 0 1 0 168.8215
74 0 -1 0 1 0 170.8215
75 0 -1 0 1 0 172.8215
76 0 -1 0 1 0 174.8215
77 0 -1 0 1 0 176.8215
78 0 -1 0 1 0 178.8215
79 0 -1 0 1 0 180.8215
80 0 -1 0 1 0 182.8215
81 0 -1 0 1 0 184.8215
82 0 -1 0 1 0 186.8215
83 0 -1 0 1 0 188.8215
84 0 -1 0 1 0 190.8215
85 0 -1 0 1 0 192.8215
86 0 -1 0 1 0 194.8215
87 0 -1 0 1 0 196.8215
88 0 -1 0 1 0 198.8215
89 0 -1 0 1 0 200.8215
90 0 -1 0 1 0 202.8215
91 0 -1 0 1 0 204.8215
92 0 -1 0 1 0 206.8215
93 0 -1 0 1 0 208.8215
94 0 -1 0 1 0 210.8215
95 0 -1 0 1 0 212.8215
96 0 -1 0 1 0 214.8215
97 0 -1 0 1 0 216.8215
98 0 -1 0 1 0 218.8215
99 0 -1 0 1 0 220.8215
100 0 -1 0 1 0 222.8215
101 0 -1 0 1 0 224.8215
102 0 -1 0 1 0 226.8215
103 0 -1 0 1 0 228.8215
104 0 -1 0 1 0 230.8215
105 0 -1 0 1 0 232.8215
106 0 -1 0 1 0 234.8215
107 0 -1 0 1 0 236.8215
108 0 -1 0 1 0 238.8215
109 0 -1 0 1 0 240.8215
110 0 -1 0 1 0 242.8215
111 0 -1 0 1 0 244.8215
112 0 -1 0 1 0 246.8215
113 0 -1 0 1 0 248.8215
114 0 -1 0 1 0 250.8215
115 0 -1 0 1 0 252.8215
116 0 -1 0 1 0 254.8215
117 0 -1 0 1 0 256.8215
118 0 -1 0 1 0 258.8215
119 0 -1 0 1 0 260.8215
120 0 -1 0 1 0 262.8215
121 0 -1 0 1 0 264.8215
122 0 -1 0 1 0 266.8215
123 0 -1 0 1 0 268.8215
124 0 -1 0 1 0 270.8215
